1901180002800
1901180002817
1901180002824
1901180002831
1901180002848
1901180002855
1901180002862
1901180002879
1901180032807
1901180032814
1901180032821
1901180032838
1901180032845
1901180032852
1901180032869
1901180032876
1901180032883
1901180032890
1901180032906
1901180032913
1901180032920
1901180032937
1901180032944
1901180032951
1901180032968
1901180032975
1901180032982
1901180032999
1901180033002
1901180033019
1901180033026
1901180033033
1901180033040
1901180033057
1901180033064
1901180033071
1901180033088
1901180033095
1901180033101
1901180033118
1901180033125
1901180033132
1901180033149
1901180033156
1901180033163
1901180033170
1901180033187
1901180033194
1901180033200
1901180033217
1901180033224
1901180033231
1901180033248
1901180033255
1901180033262
1901180033279
1901180033286
1901180033293
1901180033309
1901180033316
1901180033323
1901180033330
1901180033347
1901180033354
1901180033361
1901180033378
1901180033385
1901180033392
1901180033408
1901180033415
1901180033422
1901180033439
1901180033446
1901180033453
1901180033460
1901180033477
1901180033484
1901180033491
1901180033507
1901180033514
1901180033521
1901180033538
1901180033545
1901180033552
1901180033569
1901180033576
1901180033583
1901180033590
1901180033606
1901180033613
1901180033620
1901180033637
1901180033644
1901180033651
1901180033668
1901180033675
1901180033682
1901180033699
1901180033705
1901180033712
1901180033729
1901180033736
1901180033743
1901180033750
1901180033767
1901180033774
1901180033781
1901180033798
1901180033804
1901180033811
1901180033828
1901180033835
1901180033842
1901180033859
1901180033866
1901180033873
1901180033880
1901180033897
1901180033903
1901180033910
1901180033927
1901180033934
1901180033941
1901180033958
1901180033965
1901180033972
1901180033989
1901180033996
1901180034009
1901180034016
1901180034023
1901180034030
1901180034047
1901180034054
1901180034061
1901180034078
1901180034085
1901180034092
1901180034108
1901180034115
1901180034122
1901180034139
1901180034146
1901180034153
1901180034160
1901180034177
1901180034184
1901180034191
1901180034207
1901180034214
1901180034221
1901180034238
1901180034245
1901180034252
1901180034269
1901180034276
1901180034283
1901180034290
1901180034306
1901180034313
1901180034320
1901180034337
1901180034344
1901180034351
1901180034368
1901180034375
1901180034382
1901180034399
1901180034405
1901180034412
1901180034429
1901180034436
1901180034443
1901180034450
1901180034467
1901180034474
1901180034481
1901180034498
1901180034504
1901180034511
1901180034528
1901180034535
1901180034542
1901180034559
1901180034566
1901180034573
1901180034580
1901180034597
1901180034603
1901180034610
1901180034627
1901180034634
1901180034641
1901180034658
1901180034665
1901180034672
1901180034689
1901180034696
1901180034702
1901180034719
1901180034726
1901180034733
1901180034740
1901180034757
1901180034764
1901180034771
1901180034788
1901180034795
1901180034801
1901180034818
1901180034825
1901180034832
1901180034849
1901180034856
1901180034863
1901180034870
1901180034887
1901180034894
1901180034900
1901180034917
1901180034924
1901180034931
1901180034948
1901180034955
1901180034962
1901180034979
1901180034986
1901180034993
1901180035006
1901180035013
1901180035020
1901180035037
1901180035044
1901180035051
1901180035068
1901180035075
1901180035082
1901180035099
1901180035105
1901180035112
1901180035129
1901180035136
1901180035143
1901180035150
1901180035167
1901180035174
1901180035181
1901180035198
1901180035204
1901180035211
1901180035228
1901180035235
1901180035242
1901180035259
1901180035266
1901180035273
1901180035280
1901180035297
1901180035303
1901180035310
1901180035327
1901180035334
1901180035341
1901180035358
1901180035365
1901180035372
1901180035389
1901180035396
1901180035402
1901180035419
1901180035426
1901180035433
1901180035440
1901180035457
1901180035464
1901180035471
1901180035488
1901180035495
1901180035501
1901180035518
1901180035525
1901180035532
1901180035549
1901180035556
1901180035563
1901180035570
1901180035587
1901180035594
1901180035600
1901180035617
1901180035624
1901180035631
1901180035648
1901180035655
1901180035662
1901180035679
1901180035686
1901180035693
1901180035709
1901180035716
1901180035723
1901180035730
1901180035747
1901180035754
1901180035761
1901180035778
1901180035785
1901180035792
1901180035808
1901180035815
1901180035822
1901180035839
1901180035846
1901180035853
1901180035860
1901180035877
1901180035884
1901180035891
1901180035907
1901180035914
1901180035921
1901180035938
1901180035945
1901180035952
1901180035969
1901180035976
1901180035983
1901180035990
1901180036003
1901180036010
1901180036027
1901180036034
1901180036041
1901180036058
1901180036065
1901180036072
1901180036089
1901180036096
1901180036102
1901180036119
1901180036126
1901180036133
1901180036140
1901180036157
1901180036164
1901180036171
1901180036188
1901180036195
1901180036201
1901180036218
1901180036225
1901180036232
1901180036249
1901180036256
1901180036263
1901180036270
1901180036287
1901180036294
1901180036300
1901180036317
1901180036324
1901180036331
1901180036348
1901180036355
1901180036362
1901180036379
1901180036386
1901180036393
1901180036409
1901180036416
1901180036423
1901180036430
1901180036447
1901180036454
1901180036461
1901180036478
1901180036485
1901180036492
1901180036508
1901180036515
1901180036522
1901180036539
1901180036546
1901180036553
1901180036560
1901180036577
1901180036584
1901180036591
1901180036607
1901180036614
1901180036621
1901180036638
1901180036645
1901180036652
1901180036669
1901180036676
1901180036683
1901180036690
1901180036706
1901180036713
1901180036720
1901180036737
1901180036744
1901180036751
1901180036768
1901180036775
1901180036782
1901180036799
1901180036805
1901180036812
1901180036829
1901180036836
1901180036843
1901180036850
1901180036867
1901180036874
1901180036881
1901180036898
1901180036904
1901180036911
1901180036928
1901180036935
1901180036942
1901180036959
1901180036966
1901180036973
1901180036980
1901180036997
1901180037000
1901180037017
1901180037024
1901180037031
1901180037048
1901180037055
1901180037062
1901180037079
1901180037086
1901180037093
1901180037109
1901180037116
1901180037123
1901180037130
1901180037147
1901180037154
1901180037161
1901180037178
1901180037185
1901180037192
1901180037208
1901180037215
1901180037222
1901180037239
1901180037246
1901180037253
1901180037260
1901180037277
1901180037284
1901180037291
1901180037307
1901180037314
1901180037321
1901180037338
1901180037345
1901180037352
1901180037369
1901180037376
1901180037383
1901180037390
1901180037406
1901180037413
1901180037420
1901180037437
1901180037444
1901180037451
1901180037468
1901180037475
1901180037482
1901180037499
1901180037505
1901180037512
1901180037529
1901180037536
1901180037543
1901180037550
1901180037567
1901180037574
1901180037581
1901180037598
1901180037604
1901180037611
1901180037628
1901180037635
1901180037642
1901180037659
1901180037666
1901180037673
1901180037680
1901180037697
1901180037703
1901180037710
1901180037727
1901180037734
1901180037741
1901180037758
1901180037765
1901180037772
1901180037789
1901180037796
1901180037802
1901180037819
1901180037826
1901180037833
1901180037840
1901180037857
1901180037864
1901180037871
1901180037888
1901180037895
1901180037901
1901180037918
1901180037925
1901180037932
1901180037949
1901180037956
1901180037963
1901180037970
1901180037987
1901180037994
1901180038007
1901180038014
1901180038021
1901180038038
1901180038045
1901180038052
1901180038069
1901180038076
1901180038083
1901180038090
1901180038106
1901180038113
1901180038120
1901180038137
1901180038144
1901180038151
1901180038168
1901180038175
1901180038182
1901180038199
1901180038205
1901180038212
1901180038229
1901180038236
1901180038243
1901180038250
1901180038267
1901180038274
1901180038281
1901180038298
1901180038304
1901180038311
1901180038328
1901180038335
1901180038342
1901180038359
1901180038366
1901180038373
1901180038380
1901180038397
1901180038403
1901180038410
1901180038427
1901180038434
1901180038441
1901180038458
1901180038465
1901180038472
1901180038489
1901180038496
1901180038502
1901180038519
1901180038526
1901180038533
1901180038540
1901180038557
1901180038564
1901180038571
1901180038588
1901180038595
1901180038601
1901180038618
1901180038625
1901180038632
1901180038649
1901180038656
1901180038663
1901180038670
1901180038687
1901180038694
1901180038700
1901180038717
1901180038724
1901180038731
1901180038748
1901180038755
1901180038762
1901180038779
1901180038786
1901180038793
1901180038809
1901180038816
1901180038823
1901180038830
1901180038847
1901180038854
1901180038861
1901180038878
1901180038885
1901180038892
1901180038908
1901180038915
1901180038922
1901180038939
1901180038946
1901180038953
1901180038960
1901180038977
1901180038984
1901180038991
1901180039004
1901180039011
1901180039028
1901180039035
1901180039042
1901180039059
1901180039066
1901180039073
1901180039080
1901180039097
1901180039103
1901180039110
1901180039127
1901180039134
1901180039141
1901180039158
1901180039165
1901180039172
1901180039189
1901180039196
1901180039202
1901180039219
1901180039226
1901180039233
1901180039240
1901180039257
1901180039264
1901180039271
1901180039288
1901180039295
1901180039301
1901180039318
1901180039325
1901180039332
1901180039349
1901180039356
1901180039363
1901180039370
1901180039387
1901180039394
1901180039400
1901180039417
1901180039424
1901180039431
1901180039448
1901180039455
1901180039462
1901180039479
1901180039486
1901180039493
1901180039509
1901180039516
1901180039523
1901180039530
1901180039547
1901180039554
1901180039561
1901180039578
1901180039585
1901180039592
1901180039608
1901180039615
1901180039622
1901180039639
1901180039646
1901180039653
1901180039660
1901180039677
1901180039684
1901180039691
1901180039707
1901180039714
1901180039721
1901180039738
1901180039745
1901180039752
1901180039769
1901180039776
1901180039783
1901180039790
1901180039806
1901180039813
1901180039820
1901180039837
1901180039844
1901180039851
1901180039868
1901180039875
1901180039882
1901180039899
1901180039905
1901180039912
1901180039929
1901180039936
1901180039943
1901180039950
1901180039967
1901180039974
1901180039981
1901180039998
1901180040000
1901180040017
1901180040024
1901180040031
1901180040048
1901180040055
1901180040062
1901180040079
1901180040086
1901180040093
1901180040109
1901180040116
1901180040123
1901180040130
1901180040147
1901180040154
1901180040161
1901180040178
1901180040185
1901180040192
1901180040208
1901180040215