1901180002800
1901180002817
1901180002824
1901180002831
1901180002848
1901180002855
1901180002862
1901180002879
1901180032807
1901180032814
1901180032821
1901180032838
1901180032845
1901180032852
1901180032869
1901180032876
1901180032883
1901180032890
1901180032906
1901180032913
1901180032920
1901180032937
1901180032944
1901180032951
1901180032968
1901180032975
1901180032982
1901180032999
1901180033002
1901180033019
1901180033026
1901180033033
1901180033040
1901180033057
1901180033064
1901180033071
1901180033088
1901180033095
1901180033101
1901180033118
1901180033125
1901180033132
1901180033149
1901180033156
1901180033163
1901180033170
1901180033187
1901180033194
1901180033200
1901180033217
1901180033224
1901180033231
1901180033248
1901180033255
1901180033262
1901180033279
1901180033286
1901180033293
1901180033309
1901180033316
1901180033323
1901180033330
1901180033347
1901180033354
1901180033361
1901180033378
1901180033385
1901180033392
1901180033408
1901180033415
1901180033422
1901180033439
1901180033446
1901180033453
1901180033460
1901180033477
1901180033484
1901180033491
1901180033507
1901180033514
1901180033521
1901180033538
1901180033545
1901180033552
1901180033569
1901180033576
1901180033583
1901180033590
1901180033606
1901180033613
1901180033620
1901180033637
1901180033644
1901180033651
1901180033668
1901180033675
1901180033682
1901180033699
1901180033705
1901180033712
1901180033729
1901180033736
1901180033743
1901180033750
1901180033767
1901180033774
1901180033781
1901180033798
1901180033804
1901180033811
1901180033828
1901180033835
1901180033842
1901180033859
1901180033866
1901180033873
1901180033880
1901180033897
1901180033903
1901180033910
1901180033927
1901180033934
1901180033941
1901180033958
1901180033965
1901180033972
1901180033989
1901180033996
1901180034009
1901180034016
1901180034023
1901180034030
1901180034047
1901180034054
1901180034061
1901180034078
1901180034085
1901180034092
1901180034108
1901180034115
1901180034122
1901180034139
1901180034146
1901180034153
1901180034160
1901180034177
1901180034184
1901180034191
1901180034207
1901180034214
1901180034221
1901180034238
1901180034245
1901180034252
1901180034269
1901180034276
1901180034283
1901180034290
1901180034306
1901180034313
1901180034320
1901180034337
1901180034344
1901180034351
1901180034368
1901180034375
1901180034382
1901180034399
1901180034405
1901180034412
1901180034429
1901180034436
1901180034443
1901180034450
1901180034467
1901180034474
1901180034481
1901180034498
1901180034504
1901180034511
1901180034528
1901180034535
1901180034542
1901180034559
1901180034566
1901180034573
1901180034580
1901180034597
1901180034603
1901180034610
1901180034627
1901180034634
1901180034641
1901180034658
1901180034665
1901180034672
1901180034689
1901180034696
1901180034702
1901180034719
1901180034726
1901180034733
1901180034740
1901180034757
1901180034764
1901180034771
1901180034788
1901180034795
1901180034801
1901180034818
1901180034825
1901180034832
1901180034849
1901180034856
1901180034863
1901180034870
1901180034887
1901180034894
1901180034900
1901180034917
1901180034924
1901180034931
1901180034948
1901180034955
1901180034962
1901180034979
1901180034986
1901180034993
1901180035006
1901180035013
1901180035020
1901180035037
1901180035044
1901180035051
1901180035068
1901180035075
1901180035082
1901180035099
1901180035105
1901180035112
1901180035129
1901180035136
1901180035143
1901180035150
1901180035167
1901180035174
1901180035181
1901180035198
1901180035204
1901180035211
1901180035228
1901180035235
1901180035242
1901180035259
1901180035266
1901180035273
1901180035280
1901180035297
1901180035303
1901180035310
1901180035327
1901180035334
1901180035341
1901180035358
1901180035365
1901180035372
1901180035389
1901180035396
1901180035402
1901180035419
1901180035426
1901180035433
1901180035440
1901180035457
1901180035464
1901180035471
1901180035488
1901180035495
1901180035501
1901180035518
1901180035525
1901180035532
1901180035549
1901180035556
1901180035563
1901180035570
1901180035587
1901180035594
1901180035600
1901180035617
1901180035624
1901180035631
1901180035648
1901180035655
1901180035662
1901180035679
1901180035686
1901180035693
1901180035709
1901180035716
1901180035723
1901180035730
1901180035747
1901180035754
1901180035761
1901180035778
1901180035785
1901180035792
1901180035808
1901180035815
1901180035822
1901180035839
1901180035846
1901180035853
1901180035860
1901180035877
1901180035884
1901180035891
1901180035907
1901180035914
1901180035921
1901180035938
1901180035945
1901180035952
1901180035969
1901180035976
1901180035983
1901180035990
1901180036003
1901180036010
1901180036027
1901180036034
1901180036041
1901180036058
1901180036065
1901180036072
1901180036089
1901180036096
1901180036102
1901180036119
1901180036126
1901180036133
1901180036140
1901180036157
1901180036164
1901180036171
1901180036188
1901180036195
1901180036201
1901180036218
1901180036225
1901180036232
1901180036249
1901180036256
1901180036263
1901180036270
1901180036287
1901180036294
1901180036300
1901180036317
1901180036324
1901180036331
1901180036348
1901180036355
1901180036362
1901180036379
1901180036386
1901180036393
1901180036409
1901180036416
1901180036423
1901180036430
1901180036447
1901180036454
1901180036461
1901180036478
1901180036485
1901180036492
1901180036508
1901180036515
1901180036522
1901180036539
1901180036546
1901180036553
1901180036560
1901180036577
1901180036584
1901180036591
1901180036607
1901180036614
1901180036621
1901180036638
1901180036645
1901180036652
1901180036669
1901180036676
1901180036683
1901180036690
1901180036706
1901180036713
1901180036720
1901180036737
1901180036744
1901180036751
1901180036768
1901180036775
1901180036782
1901180036799
1901180036805
1901180036812
1901180036829
1901180036836
1901180036843
1901180036850
1901180036867
1901180036874
1901180036881
1901180036898
1901180036904
1901180036911
1901180036928
1901180036935
1901180036942
1901180036959
1901180036966
1901180036973
1901180036980
1901180036997
1901180037000
1901180037017
1901180037024
1901180037031
1901180037048
1901180037055
1901180037062
1901180037079
1901180037086
1901180037093
1901180037109
1901180037116
1901180037123
1901180037130
1901180037147
1901180037154
1901180037161
1901180037178
1901180037185
1901180037192
1901180037208
1901180037215
1901180037222
1901180037239
1901180037246
1901180037253
1901180037260
1901180037277
1901180037284
1901180037291
1901180037307
1901180037314
1901180037321
1901180037338
1901180037345
1901180037352
1901180037369
1901180037376
1901180037383
1901180037390
1901180037406
1901180037413
1901180037420
1901180037437
1901180037444
1901180037451
1901180037468
1901180037475
1901180037482
1901180037499
1901180037505
1901180037512
1901180037529
1901180037536
1901180037543
1901180037550
1901180037567
1901180037574
1901180037581
1901180037598
1901180037604
1901180037611
1901180037628
1901180037635
1901180037642
1901180037659
1901180037666
1901180037673
1901180037680
1901180037697
1901180037703
1901180037710
1901180037727
1901180037734
1901180037741
1901180037758
1901180037765
1901180037772
1901180037789
1901180037796
1901180037802
1901180037819
1901180037826
1901180037833
1901180037840
1901180037857
1901180037864
1901180037871
1901180037888
1901180037895
1901180037901
1901180037918
1901180037925
1901180037932
1901180037949
1901180037956
1901180037963
1901180037970
1901180037987
1901180037994
1901180038007
1901180038014
1901180038021
1901180038038
1901180038045
1901180038052
1901180038069
1901180038076
1901180038083
1901180038090
1901180038106
1901180038113
1901180038120
1901180038137
1901180038144
1901180038151
1901180038168
1901180038175
1901180038182
1901180038199
1901180038205
1901180038212
1901180038229
1901180038236
1901180038243
1901180038250
1901180038267
1901180038274
1901180038281
1901180038298
1901180038304
1901180038311
1901180038328
1901180038335
1901180038342
1901180038359
1901180038366
1901180038373
1901180038380
1901180038397
1901180038403
1901180038410
1901180038427
1901180038434
1901180038441
1901180038458
1901180038465
1901180038472
1901180038489
1901180038496
1901180038502
1901180038519
1901180038526
1901180038533
1901180038540
1901180038557
1901180038564
1901180038571
1901180038588
1901180038595
1901180038601
1901180038618
1901180038625
1901180038632
1901180038649
1901180038656
1901180038663
1901180038670
1901180038687
1901180038694
1901180038700
1901180038717
1901180038724
1901180038731
1901180038748
1901180038755
1901180038762
1901180038779
1901180038786
1901180038793
1901180038809
1901180038816
1901180038823
1901180038830
1901180038847
1901180038854
1901180038861
1901180038878
1901180038885
1901180038892
1901180038908
1901180038915
1901180038922
1901180038939
1901180038946
1901180038953
1901180038960
1901180038977
1901180038984
1901180038991
1901180039004
1901180039011
1901180039028
1901180039035
1901180039042
1901180039059
1901180039066
1901180039073
1901180039080
1901180039097
1901180039103
1901180039110
1901180039127
1901180039134
1901180039141
1901180039158
1901180039165
1901180039172
1901180039189
1901180039196
1901180039202
1901180039219
1901180039226
1901180039233
1901180039240
1901180039257
1901180039264
1901180039271
1901180039288
1901180039295
1901180039301
1901180039318
1901180039325
1901180039332
1901180039349
1901180039356
1901180039363
1901180039370
1901180039387
1901180039394
1901180039400
1901180039417
1901180039424
1901180039431
1901180039448
1901180039455
1901180039462
1901180039479
1901180039486
1901180039493
1901180039509
1901180039516
1901180039523
1901180039530
1901180039547
1901180039554
1901180039561
1901180039578
1901180039585
1901180039592
1901180039608
1901180039615
1901180039622
1901180039639
1901180039646
1901180039653
1901180039660
1901180039677
1901180039684
1901180039691
1901180039707
1901180039714
1901180039721
1901180039738
1901180039745
1901180039752
1901180039769
1901180039776
1901180039783
1901180039790
1901180039806
1901180039813
1901180039820
1901180039837
1901180039844
1901180039851
1901180039868
1901180039875
1901180039882
1901180039899
1901180039905
1901180039912
1901180039929
1901180039936
1901180039943
1901180039950
1901180039967
1901180039974
1901180039981
1901180039998
1901180040000
1901180040017
1901180040024
1901180040031
1901180040048
1901180040055
1901180040062
1901180040079
1901180040086
1901180040093
1901180040109
1901180040116
1901180040123
1901180040130
1901180040147
1901180040154
1901180040161
1901180040178
1901180040185
1901180040192
1901180040208
1901180040215
1901180040222
1901180040239
1901180040246
1901180040253
1901180040260
1901180040277
1901180040284
1901180040291
1901180040307
1901180040314
1901180040321
1901180040338
1901180040345
1901180040352
1901180040369
1901180040376
1901180040383
1901180040390
1901180040406
1901180040413
1901180040420
1901180040437
1901180040444
1901180040451
1901180040468
1901180040475
1901180040482
1901180040499
1901180040505
1901180040512
1901180040529
1901180040536
1901180040543
1901180040550
1901180040567
1901180040574
1901180040581
1901180040598
1901180040604
1901180040611
1901180040628
1901180040635
1901180040642
1901180040659
1901180040666
1901180040673
1901180040680
1901180040697
1901180040703
1901180040710
1901180040727
1901180040734
1901180040741
1901180040758
1901180040765
1901180040772
1901180040789
1901180040796
1901180040802
1901180040819
1901180040826
1901180040833
1901180040840
1901180040857
1901180040864
1901180040871
1901180040888
1901180040895
1901180040901
1901180040918
1901180040925
1901180040932
1901180040949
1901180040956
1901180040963
1901180040970
1901180040987
1901180040994
1901180041007
1901180041014
1901180041021
1901180041038
1901180041045
1901180041052
1901180041069
1901180041076
1901180041083
1901180041090
1901180041106
1901180041113
1901180041120
1901180041137
1901180041144
1901180041151
1901180041168
1901180041175
1901180041182
1901180041199
1901180041205
1901180041212
1901180041229
1901180041236
1901180041243
1901180041250
1901180041267
1901180041274
1901180041281
1901180041298
1901180041304
1901180041311
1901180041328
1901180041335
1901180041342
1901180041359
1901180041366
1901180041373
1901180041380
1901180041397
1901180041403
1901180041410
1901180041427
1901180041434
1901180041441
1901180041458
1901180041465
1901180041472
1901180041489
1901180041496
1901180041502
1901180041519
1901180041526
1901180041533
1901180041540
1901180041557
1901180041564
1901180041571
1901180041588
1901180041595
1901180041601
1901180041618
1901180041625
1901180041632
1901180041649
1901180041656
1901180041663
1901180041670
1901180041687
1901180041694
1901180041700
1901180041717
1901180041724
1901180041731
1901180041748
1901180041755
1901180041762
1901180041779
1901180041786
1901180041793
1901180041809
1901180041816
1901180041823
1901180041830
1901180041847
1901180041854
1901180041861
1901180041878
1901180041885
1901180041892
1901180041908
1901180041915
1901180041922
1901180041939
1901180041946
1901180041953
1901180041960
1901180041977
1901180041984
1901180041991
1901180042004
1901180042011
1901180042028
1901180042035
1901180042042
1901180042059
1901180042066
1901180042073
1901180042080
1901180042097
1901180042103
1901180042110
1901180042127
1901180042134
1901180042141
1901180042158
1901180042165
1901180042172
1901180042189
1901180042196
1901180042202
1901180042219
1901180042226
1901180042233
1901180042240
1901180042257
1901180042264
1901180042271
1901180042288
1901180042295
1901180042301
1901180042318
1901180042325
1901180042332
1901180042349
1901180042356
1901180042363
1901180042370
1901180042387
1901180042394
1901180042400
1901180042417
1901180042424
1901180042431
1901180042448
1901180042455
1901180042462
1901180042479
1901180042486
1901180042493
1901180042509
1901180042516
1901180042523
1901180042530
1901180042547
1901180042554
1901180042561
1901180042578
1901180042585
1901180042592
1901180042608
1901180042615
1901180042622
1901180042639
1901180042646
1901180042653
1901180042660
1901180042677
1901180042684
1901180042691
1901180042707
1901180042714
1901180042721
1901180042738
1901180042745
1901180042752
1901180042769
1901180042776
1901180042783
1901180042790
1901180042806
1901180042813
1901180042820
1901180042837
1901180042844
1901180042851
1901180042868
1901180042875
1901180042882
1901180042899
1901180042905
1901180042912
1901180042929
1901180042936
1901180042943
1901180042950
1901180042967
1901180042974
1901180042981
1901180042998
1901180043001
1901180043018
1901180043025
1901180043032
1901180043049
1901180043056
1901180043063
1901180043070
1901180043087
1901180043094
1901180043100
1901180043117
1901180043124
1901180043131
1901180043148
1901180043155
1901180043162
1901180043179
1901180043186
1901180043193
1901180043209
1901180043216
1901180043223
1901180043230
1901180043247
1901180043254
1901180043261
1901180043278
1901180043285
1901180043292
1901180043308
1901180043315
1901180043322
1901180043339
1901180043346
1901180043353
1901180043360
1901180043377
1901180043384
1901180043391
1901180043407
1901180043414
1901180043421
1901180043438
1901180043445
1901180043452
1901180043469
1901180043476
1901180043483
1901180043490
1901180043506
1901180043513
1901180043520
1901180043537
1901180043544
1901180043551
1901180043568
1901180043575
1901180043582
1901180043599
1901180043605
1901180043612
1901180043629
1901180043636
1901180043643
1901180043650
1901180043667
1901180043674
1901180043681
1901180043698
1901180043704
1901180043711
1901180043728
1901180043735
1901180043742
1901180043759
1901180043766
1901180043773
1901180043780
1901180043797
1901180043803
1901180043810
1901180043827
1901180043834
1901180043841
1901180043858
1901180043865
1901180043872
1901180043889
1901180043896
1901180043902
1901180043919
1901180043926
1901180043933
1901180043940
1901180043957
1901180043964
1901180043971
1901180043988
1901180043995
1901180044008
1901180044015
1901180044022
1901180044039
1901180044046
1901180044053
1901180044060
1901180044077
1901180044084
1901180044091
1901180044107
1901180044114
1901180044121
1901180044138
1901180044145
1901180044152
1901180044169
1901180044176
1901180044183
1901180044190
1901180044206
1901180044213
1901180044220
1901180044237
1901180044244
1901180044251
1901180044268
1901180044275
1901180044282
1901180044299
1901180044305
1901180044312
1901180044329
1901180044336
1901180044343
1901180044350
1901180044367
1901180044374
1901180044381
1901180044398
1901180044404
1901180044411
1901180044428
1901180044435
1901180044442
1901180044459
1901180044466
1901180044473
1901180044480
1901180044497
1901180044503
1901180044510
1901180044527
1901180044534
1901180044541
1901180044558
1901180044565
1901180044572
1901180044589
1901180044596
1901180044602
1901180044619
1901180044626
1901180044633
1901180044640
1901180044657
1901180044664
1901180044671
1901180044688
1901180044695
1901180044701
1901180044718
1901180044725
1901180044732
1901180044749
1901180044756
1901180044763
1901180044770
1901180044787
1901180044794
1901180044800
1901180044817
1901180044824
1901180044831
1901180044848
1901180044855
1901180044862
1901180044879
1901180044886
1901180044893
1901180044909
1901180044916
1901180044923
1901180044930
1901180044947
1901180044954
1901180044961
1901180044978
1901180044985
1901180044992
1901180045005
1901180045012
1901180045029
1901180045036
1901180045043
1901180045050
1901180045067
1901180045074
1901180045081
1901180045098
1901180045104
1901180045111
1901180045128
1901180045135
1901180045142
1901180045159
1901180045166
1901180045173
1901180045180
1901180045197
1901180045203
1901180045210
1901180045227
1901180045234
1901180045241
1901180045258
1901180045265
1901180045272
1901180045289
1901180045296
1901180045302
1901180045319
1901180045326
1901180045333
1901180045340
1901180045357
1901180045364
1901180045371
1901180045388
1901180045395
1901180045401
1901180045418
1901180045425
1901180045432
1901180045449
1901180045456
1901180045463
1901180045470
1901180045487
1901180045494
1901180045500
1901180045517
1901180045524
1901180045531
1901180045548
1901180045555
1901180045562
1901180045579
1901180045586
1901180045593
1901180045609
1901180045616
1901180045623
1901180045630
1901180045647
1901180045654
1901180045661
1901180045678
1901180045685
1901180045692
1901180045708
1901180045715
1901180045722
1901180045739
1901180045746
1901180045753
1901180045760
1901180045777
1901180045784
1901180045791
1901180045807
1901180045814
1901180045821
1901180045838
1901180045845
1901180045852
1901180045869
1901180045876
1901180045883
1901180045890
1901180045906
1901180045913
1901180045920
1901180045937
1901180045944
1901180045951
1901180045968
1901180045975
1901180045982
1901180045999
1901180046002
1901180046019
1901180046026
1901180046033
1901180046040
1901180046057
1901180046064
1901180046071
1901180046088
1901180046095
1901180046101
1901180046118
1901180046125
1901180046132
1901180046149
1901180046156
1901180046163
1901180046170
1901180046187
1901180046194
1901180046200
1901180046217
1901180046224
1901180046231
1901180046248
1901180046255
1901180046262
1901180046279
1901180046286
1901180046293
1901180046309
1901180046316
1901180046323
1901180046330
1901180046347
1901180046354
1901180046361
1901180046378
1901180046385
1901180046392
1901180046408
1901180046415
1901180046422
1901180046439
1901180046446
1901180046453
1901180046460
1901180046477
1901180046484
1901180046491
1901180046507
1901180046514
1901180046521
1901180046538
1901180046545
1901180046552
1901180046569
1901180046576
1901180046583
1901180046590
1901180046606
1901180046613
1901180046620
1901180046637
1901180046644
1901180046651
1901180046668
1901180046675
1901180046682
1901180046699
1901180046705
1901180046712
1901180046729
1901180046736
1901180046743
1901180046750
1901180046767
1901180046774
1901180046781
1901180046798
1901180046804
1901180046811
1901180046828
1901180046835
1901180046842
1901180046859
1901180046866
1901180046873
1901180046880
1901180046897
1901180046903
1901180046910
1901180046927
1901180046934
1901180046941
1901180046958
1901180046965
1901180046972
1901180046989
1901180046996
1901180047009
1901180047016
1901180047023
1901180047030
1901180047047
1901180047054
1901180047061
1901180047078
1901180047085
1901180047092
1901180047108
1901180047115
1901180047122
1901180047139
1901180047146
1901180047153
1901180047160
1901180047177
1901180047184
1901180047191
1901180047207
1901180047214
1901180047221
1901180047238
1901180047245
1901180047252
1901180047269
1901180047276
1901180047283
1901180047290
1901180047306
1901180047313
1901180047320
1901180047337
1901180047344
1901180047351
1901180047368
1901180047375
1901180047382
1901180047399
1901180047405
1901180047412
1901180047429
1901180047436
1901180047443
1901180047450
1901180047467
1901180047474
1901180047481
1901180047498
1901180047504
1901180047511
1901180047528
1901180047535
1901180047542
1901180047559
1901180047566
1901180047573
1901180047580
1901180047597
1901180047603
1901180047610
1901180047627
1901180047634
1901180047641
1901180047658
1901180047665
1901180047672
1901180047689
1901180047696
1901180047702
1901180047719
1901180047726
1901180047733
1901180047740
1901180047757
1901180047764
1901180047771
1901180047788
1901180047795
1901180047801
1901180047818
1901180047825
1901180047832
1901180047849
1901180047856
1901180047863
1901180047870
1901180047887
1901180047894
1901180047900
1901180047917
1901180047924
1901180047931
1901180047948
1901180047955
1901180047962
1901180047979
1901180047986
1901180047993
1901180048006
1901180048013
1901180048020
1901180048037
1901180048044
1901180048051
1901180048068
1901180048075
1901180048082
1901180048099
1901180048105
1901180048112
1901180048129
1901180048136
1901180048143
1901180048150
1901180048167
1901180048174
1901180048181
1901180048198
1901180048204
1901180048211
1901180048228
1901180048235
1901180048242
1901180048259
1901180048266
1901180048273
1901180048280
1901180048297
1901180048303
1901180048310
1901180048327
1901180048334
1901180048341
1901180048358
1901180048365
1901180048372
1901180048389
1901180048396
1901180048402
1901180048419
1901180048426
1901180048433
1901180048440
1901180048457
1901180048464
1901180048471
1901180048488
1901180048495
1901180048501
1901180048518
1901180048525
1901180048532
1901180048549
1901180048556
1901180048563
1901180048570
1901180048587
1901180048594
1901180048600
1901180048617
1901180048624
1901180048631
1901180048648
1901180048655
1901180048662
1901180048679
1901180048686
1901180048693
1901180048709
1901180048716
1901180048723
1901180048730
1901180048747
1901180048754
1901180048761
1901180048778
1901180048785
1901180048792
1901180048808
1901180048815
1901180048822
1901180048839
1901180048846
1901180048853
1901180048860
1901180048877
1901180048884
1901180048891
1901180048907
1901180048914
1901180048921
1901180048938
1901180048945
1901180048952
1901180048969
1901180048976
1901180048983
1901180048990
1901180049003
1901180049010
1901180049027
1901180049034
1901180049041
1901180049058
1901180049065
1901180049072
1901180049089
1901180049096
1901180049102
1901180049119
1901180049126
1901180049133
1901180049140
1901180049157
1901180049164
1901180049171
1901180049188
1901180049195
1901180049201
1901180049218
1901180049225
1901180049232
1901180049249
1901180049256
1901180049263
1901180049270
1901180049287
1901180049294
1901180049300
1901180049317
1901180049324
1901180049331
1901180049348
1901180049355
1901180049362
1901180049379
1901180049386
1901180049393
1901180049409
1901180049416
1901180049423
1901180049430
1901180049447
1901180049454
1901180049461
1901180049478
1901180049485
1901180049492
1901180049508
1901180049515
1901180049522
1901180049539
1901180049546
1901180049553
1901180049560
1901180049577
1901180049584
1901180049591
1901180049607
1901180049614
1901180049621
1901180049638
1901180049645
1901180049652
1901180049669
1901180049676
1901180049683
1901180049690
1901180049706
1901180049713
1901180049720
1901180049737
1901180049744
1901180049751
1901180049768
1901180049775
1901180049782
1901180049799
1901180049805
1901180049812
1901180049829
1901180049836
1901180049843
1901180049850
1901180049867
1901180049874
1901180049881
1901180049898
1901180049904
1901180049911
1901180049928
1901180049935
1901180049942
1901180049959
1901180049966
1901180049973
1901180049980
1901180049997
1901180050009
1901180050016
1901180050023
1901180050030
1901180050047
1901180050054
1901180050061
1901180050078
1901180050085
1901180050092
1901180050108
1901180050115
1901180050122
1901180050139